map:celedon
layer:0
 9, 9, 9, 9, 9, 9, 9, 9, 9, 9, 9, 9, 9
 9,15,15,15,15,15,15,15,15,15,15,15, 9
 9,15,15,15,15,15,15,15,15,15,15,15, 9
 9,15,15,15,15,15,15,15,15,15,15,15, 9
 9,15,15,15, 9,15,15,15, 9,15,15,15, 9
 9, 9, 9, 9, 9,15,15,15, 9, 9, 9, 9, 9
 9, 9, 9, 9, 9,15,15,15, 9, 9, 9, 9, 9
 9, 9, 9, 9, 9,15,15,15, 9, 9, 9, 9, 9
 9, 9, 9, 9, 9,15,15,15, 9, 9, 9, 9, 9
 9, 9, 9, 9, 9,15,15,15, 9, 9, 9, 9, 9
 9, 9, 9, 9, 9,15,15,15, 9, 9, 9, 9, 9
 9, 9, 9, 9, 9,15,15,15, 9, 9, 9, 9, 9
 9, 9, 9, 9, 9,15,15,15, 9, 9, 9, 9, 9
 9, 9, 9, 9, 9,15,15,15, 9, 9, 9, 9, 9
 9, 9, 9, 9, 9, 9, 9, 9, 9, 9, 9, 9, 9
layer:1
15
warp:1,1>vermillion,1,1
warp:2,2>vermillion,1,1
map:vermillion
layer:0
 9, 9, 9
 9,15, 9
 9, 9, 9